11 1
12 1
30 1
8 2
13 2
15 2
30 2
13 3
12 4
13 4
5 5
8 5
12 5
24 5
9 7
24 8
3 9
23 9
5 10
6 11
14 11
20 11
8 12
13 12
5 13
15 13
22 13
23 13
8 14
19 15
21 15
36 15
8 17
9 18
14 18
15 18
20 18
20 20
10 21
12 21
1 22
4 22
9 22
24 22
16 24
25 24
7 25
31 26
26 28
23 29
47 31
18 33
41 33
15 34
30 34
3 35
6 35
50 35
10 36
4 37
20 37
22 37
49 38
4 39
5 39
28 39
5 40
18 40
21 40
35 40
11 41
19 41
39 41
11 42
28 42
37 42
11 44
13 44
11 45
17 45
19 46
23 46
29 46
5 47
15 47
27 47
13 48
15 48
26 48
6 49
16 49
23 49
28 49
19 50
8 51
9 51
5 53
20 53
4 54
12 55
14 55
18 55
27 55
27 56
32 56
19 57
31 58
2 59
13 59
19 60
50 60
6 61
46 62
2 64
43 64
44 64
16 65
27 65
15 66
19 67
26 67
7 68
44 68
5 69
26 69
1 70
22 70
33 71
6 73
15 73
22 74
34 75
13 77
23 77
1 79
18 80
26 81
17 83
30 83
24 85
30 85
21 86
34 86
2 87
