27 1
9 2
16 2
4 4
25 4
1 6
13 6
17 13
19 13
5 14
17 15
8 16
14 17
18 17
12 18
23 22
9 23
44 23
9 24
32 25
9 26
5 28
44 28
4 30
5 32
1 33
24 33
25 34
21 35
46 36
15 37
1 38
46 38
2 39
41 39
8 40
11 40
20 44
38 46
48 46
37 47
41 49
44 49
23 50
20 51
24 51
30 51
20 52
4 53
31 54
39 54
23 55
41 55
3 56
29 56
39 57
12 58
2 60
32 61
17 62
4 64
15 67
9 69
32 70
23 71
39 72
38 74
24 79
34 80
28 84
23 86
31 86
19 2
1 3
7 10
7 12
19 12
21 13
10 15
5 16
16 16
13 17
10 24
25 25
18 31
3 32
14 32
14 34
39 40
5 46
36 46
19 47
9 48
27 48
38 48
47 49
28 50
29 51
8 53
2 54
45 54
16 55
40 55
13 56
28 56
2 57
27 59
47 64
20 65
44 69
23 70
37 72
24 73
21 75
26 78
22 79
38 86
9 5
6 6
18 8
22 9
10 10
21 12
6 13
22 14
15 15
8 20
23 24
46 26
22 28
15 35
46 39
3 41
29 43
25 45
13 52
31 52
1 53
14 53
44 54
33 56
14 58
12 63
44 74
26 79
23 84
37 87
3 17
17 17
12 20
23 20
24 21
23 37
16 39
43 41
21 42
1 43
12 45
18 45
43 45
30 57
26 58
5 63
49 67
27 81
34 81
28 82
12 2
12 3
14 5
19 9
29 26
48 49
14 50
11 51
14 51
41 54
46 54
31 61
16 62
21 69
8 75
33 83
34 85
22 26
26 85
14 7
7 23
40 40
20 48
32 23
7 27
